-145.517 -630.936 -310.150
157.207 630.936 310.150
37.840 48.534 44.307
8 26 7
1000 10000
0 -126.596750 -606.669231 -287.996429
1 -88.756250 -606.669231 -287.996429
2 -50.915750 -606.669231 -287.996429
3 -13.075250 -606.669231 -287.996429
4 24.765250 -606.669231 -287.996429
5 62.605750 -606.669231 -287.996429
6 100.446250 -606.669231 -287.996429
7 138.286750 -606.669231 -287.996429
8 -126.596750 -558.135692 -287.996429
9 -88.756250 -558.135692 -287.996429
10 -50.915750 -558.135692 -287.996429
11 -13.075250 -558.135692 -287.996429
12 24.765250 -558.135692 -287.996429
13 62.605750 -558.135692 -287.996429
14 100.446250 -558.135692 -287.996429
15 138.286750 -558.135692 -287.996429
16 -126.596750 -509.602154 -287.996429
17 -88.756250 -509.602154 -287.996429
18 -50.915750 -509.602154 -287.996429
19 -13.075250 -509.602154 -287.996429
20 24.765250 -509.602154 -287.996429
21 62.605750 -509.602154 -287.996429
22 100.446250 -509.602154 -287.996429
23 138.286750 -509.602154 -287.996429
24 -126.596750 -461.068615 -287.996429
25 -88.756250 -461.068615 -287.996429
26 -50.915750 -461.068615 -287.996429
27 -13.075250 -461.068615 -287.996429
28 24.765250 -461.068615 -287.996429
29 62.605750 -461.068615 -287.996429
30 100.446250 -461.068615 -287.996429
31 138.286750 -461.068615 -287.996429
32 -126.596750 -412.535077 -287.996429
33 -88.756250 -412.535077 -287.996429
34 -50.915750 -412.535077 -287.996429
35 -13.075250 -412.535077 -287.996429
36 24.765250 -412.535077 -287.996429
37 62.605750 -412.535077 -287.996429
38 100.446250 -412.535077 -287.996429
39 138.286750 -412.535077 -287.996429
40 -126.596750 -364.001538 -287.996429
41 -88.756250 -364.001538 -287.996429
42 -50.915750 -364.001538 -287.996429
43 -13.075250 -364.001538 -287.996429
44 24.765250 -364.001538 -287.996429
45 62.605750 -364.001538 -287.996429
46 100.446250 -364.001538 -287.996429
47 138.286750 -364.001538 -287.996429
48 -126.596750 -315.468000 -287.996429
49 -88.756250 -315.468000 -287.996429
50 -50.915750 -315.468000 -287.996429
51 -13.075250 -315.468000 -287.996429
52 24.765250 -315.468000 -287.996429
53 62.605750 -315.468000 -287.996429
54 100.446250 -315.468000 -287.996429
55 138.286750 -315.468000 -287.996429
56 -126.596750 -266.934462 -287.996429
57 -88.756250 -266.934462 -287.996429
58 -50.915750 -266.934462 -287.996429
59 -13.075250 -266.934462 -287.996429
60 24.765250 -266.934462 -287.996429
61 62.605750 -266.934462 -287.996429
62 100.446250 -266.934462 -287.996429
63 138.286750 -266.934462 -287.996429
64 -126.596750 -218.400923 -287.996429
65 -88.756250 -218.400923 -287.996429
66 -50.915750 -218.400923 -287.996429
67 -13.075250 -218.400923 -287.996429
68 24.765250 -218.400923 -287.996429
69 62.605750 -218.400923 -287.996429
70 100.446250 -218.400923 -287.996429
71 138.286750 -218.400923 -287.996429
72 -126.596750 -169.867385 -287.996429
73 -88.756250 -169.867385 -287.996429
74 -50.915750 -169.867385 -287.996429
75 -13.075250 -169.867385 -287.996429
76 24.765250 -169.867385 -287.996429
77 62.605750 -169.867385 -287.996429
78 100.446250 -169.867385 -287.996429
79 138.286750 -169.867385 -287.996429
80 -126.596750 -121.333846 -287.996429
81 -88.756250 -121.333846 -287.996429
82 -50.915750 -121.333846 -287.996429
83 -13.075250 -121.333846 -287.996429
84 24.765250 -121.333846 -287.996429
85 62.605750 -121.333846 -287.996429
86 100.446250 -121.333846 -287.996429
87 138.286750 -121.333846 -287.996429
88 -126.596750 -72.800308 -287.996429
89 -88.756250 -72.800308 -287.996429
90 -50.915750 -72.800308 -287.996429
91 -13.075250 -72.800308 -287.996429
92 24.765250 -72.800308 -287.996429
93 62.605750 -72.800308 -287.996429
94 100.446250 -72.800308 -287.996429
95 138.286750 -72.800308 -287.996429
96 -126.596750 -24.266769 -287.996429
97 -88.756250 -24.266769 -287.996429
98 -50.915750 -24.266769 -287.996429
99 -13.075250 -24.266769 -287.996429
100 24.765250 -24.266769 -287.996429
101 62.605750 -24.266769 -287.996429
102 100.446250 -24.266769 -287.996429
103 138.286750 -24.266769 -287.996429
104 -126.596750 24.266769 -287.996429
105 -88.756250 24.266769 -287.996429
106 -50.915750 24.266769 -287.996429
107 -13.075250 24.266769 -287.996429
108 24.765250 24.266769 -287.996429
109 62.605750 24.266769 -287.996429
110 100.446250 24.266769 -287.996429
111 138.286750 24.266769 -287.996429
112 -126.596750 72.800308 -287.996429
113 -88.756250 72.800308 -287.996429
114 -50.915750 72.800308 -287.996429
115 -13.075250 72.800308 -287.996429
116 24.765250 72.800308 -287.996429
117 62.605750 72.800308 -287.996429
118 100.446250 72.800308 -287.996429
119 138.286750 72.800308 -287.996429
120 -126.596750 121.333846 -287.996429
121 -88.756250 121.333846 -287.996429
122 -50.915750 121.333846 -287.996429
123 -13.075250 121.333846 -287.996429
124 24.765250 121.333846 -287.996429
125 62.605750 121.333846 -287.996429
126 100.446250 121.333846 -287.996429
127 138.286750 121.333846 -287.996429
128 -126.596750 169.867385 -287.996429
129 -88.756250 169.867385 -287.996429
130 -50.915750 169.867385 -287.996429
131 -13.075250 169.867385 -287.996429
132 24.765250 169.867385 -287.996429
133 62.605750 169.867385 -287.996429
134 100.446250 169.867385 -287.996429
135 138.286750 169.867385 -287.996429
136 -126.596750 218.400923 -287.996429
137 -88.756250 218.400923 -287.996429
138 -50.915750 218.400923 -287.996429
139 -13.075250 218.400923 -287.996429
140 24.765250 218.400923 -287.996429
141 62.605750 218.400923 -287.996429
142 100.446250 218.400923 -287.996429
143 138.286750 218.400923 -287.996429
144 -126.596750 266.934462 -287.996429
145 -88.756250 266.934462 -287.996429
146 -50.915750 266.934462 -287.996429
147 -13.075250 266.934462 -287.996429
148 24.765250 266.934462 -287.996429
149 62.605750 266.934462 -287.996429
150 100.446250 266.934462 -287.996429
151 138.286750 266.934462 -287.996429
152 -126.596750 315.468000 -287.996429
153 -88.756250 315.468000 -287.996429
154 -50.915750 315.468000 -287.996429
155 -13.075250 315.468000 -287.996429
156 24.765250 315.468000 -287.996429
157 62.605750 315.468000 -287.996429
158 100.446250 315.468000 -287.996429
159 138.286750 315.468000 -287.996429
160 -126.596750 364.001538 -287.996429
161 -88.756250 364.001538 -287.996429
162 -50.915750 364.001538 -287.996429
163 -13.075250 364.001538 -287.996429
164 24.765250 364.001538 -287.996429
165 62.605750 364.001538 -287.996429
166 100.446250 364.001538 -287.996429
167 138.286750 364.001538 -287.996429
168 -126.596750 412.535077 -287.996429
169 -88.756250 412.535077 -287.996429
170 -50.915750 412.535077 -287.996429
171 -13.075250 412.535077 -287.996429
172 24.765250 412.535077 -287.996429
173 62.605750 412.535077 -287.996429
174 100.446250 412.535077 -287.996429
175 138.286750 412.535077 -287.996429
176 -126.596750 461.068615 -287.996429
177 -88.756250 461.068615 -287.996429
178 -50.915750 461.068615 -287.996429
179 -13.075250 461.068615 -287.996429
180 24.765250 461.068615 -287.996429
181 62.605750 461.068615 -287.996429
182 100.446250 461.068615 -287.996429
183 138.286750 461.068615 -287.996429
184 -126.596750 509.602154 -287.996429
185 -88.756250 509.602154 -287.996429
186 -50.915750 509.602154 -287.996429
187 -13.075250 509.602154 -287.996429
188 24.765250 509.602154 -287.996429
189 62.605750 509.602154 -287.996429
190 100.446250 509.602154 -287.996429
191 138.286750 509.602154 -287.996429
192 -126.596750 558.135692 -287.996429
193 -88.756250 558.135692 -287.996429
194 -50.915750 558.135692 -287.996429
195 -13.075250 558.135692 -287.996429
196 24.765250 558.135692 -287.996429
197 62.605750 558.135692 -287.996429
198 100.446250 558.135692 -287.996429
199 138.286750 558.135692 -287.996429
200 -126.596750 606.669231 -287.996429
201 -88.756250 606.669231 -287.996429
202 -50.915750 606.669231 -287.996429
203 -13.075250 606.669231 -287.996429
204 24.765250 606.669231 -287.996429
205 62.605750 606.669231 -287.996429
206 100.446250 606.669231 -287.996429
207 138.286750 606.669231 -287.996429
208 -126.596750 -606.669231 -243.689286
209 -88.756250 -606.669231 -243.689286
210 -50.915750 -606.669231 -243.689286
211 -13.075250 -606.669231 -243.689286
212 24.765250 -606.669231 -243.689286
213 62.605750 -606.669231 -243.689286
214 100.446250 -606.669231 -243.689286
215 138.286750 -606.669231 -243.689286
216 -126.596750 -558.135692 -243.689286
217 -88.756250 -558.135692 -243.689286
218 -50.915750 -558.135692 -243.689286
219 -13.075250 -558.135692 -243.689286
220 24.765250 -558.135692 -243.689286
221 62.605750 -558.135692 -243.689286
222 100.446250 -558.135692 -243.689286
223 138.286750 -558.135692 -243.689286
224 -126.596750 -509.602154 -243.689286
225 -88.756250 -509.602154 -243.689286
226 -50.915750 -509.602154 -243.689286
227 -13.075250 -509.602154 -243.689286
228 24.765250 -509.602154 -243.689286
229 62.605750 -509.602154 -243.689286
230 100.446250 -509.602154 -243.689286
231 138.286750 -509.602154 -243.689286
232 -126.596750 -461.068615 -243.689286
233 -88.756250 -461.068615 -243.689286
234 -50.915750 -461.068615 -243.689286
235 -13.075250 -461.068615 -243.689286
236 24.765250 -461.068615 -243.689286
237 62.605750 -461.068615 -243.689286
238 100.446250 -461.068615 -243.689286
239 138.286750 -461.068615 -243.689286
240 -126.596750 -412.535077 -243.689286
241 -88.756250 -412.535077 -243.689286
242 -50.915750 -412.535077 -243.689286
243 -13.075250 -412.535077 -243.689286
244 24.765250 -412.535077 -243.689286
245 62.605750 -412.535077 -243.689286
246 100.446250 -412.535077 -243.689286
247 138.286750 -412.535077 -243.689286
248 -126.596750 -364.001538 -243.689286
249 -88.756250 -364.001538 -243.689286
250 -50.915750 -364.001538 -243.689286
251 -13.075250 -364.001538 -243.689286
252 24.765250 -364.001538 -243.689286
253 62.605750 -364.001538 -243.689286
254 100.446250 -364.001538 -243.689286
255 138.286750 -364.001538 -243.689286
256 -126.596750 -315.468000 -243.689286
257 -88.756250 -315.468000 -243.689286
258 -50.915750 -315.468000 -243.689286
259 -13.075250 -315.468000 -243.689286
260 24.765250 -315.468000 -243.689286
261 62.605750 -315.468000 -243.689286
262 100.446250 -315.468000 -243.689286
263 138.286750 -315.468000 -243.689286
264 -126.596750 -266.934462 -243.689286
265 -88.756250 -266.934462 -243.689286
266 -50.915750 -266.934462 -243.689286
267 -13.075250 -266.934462 -243.689286
268 24.765250 -266.934462 -243.689286
269 62.605750 -266.934462 -243.689286
270 100.446250 -266.934462 -243.689286
271 138.286750 -266.934462 -243.689286
272 -126.596750 -218.400923 -243.689286
273 -88.756250 -218.400923 -243.689286
274 -50.915750 -218.400923 -243.689286
275 -13.075250 -218.400923 -243.689286
276 24.765250 -218.400923 -243.689286
277 62.605750 -218.400923 -243.689286
278 100.446250 -218.400923 -243.689286
279 138.286750 -218.400923 -243.689286
280 -126.596750 -169.867385 -243.689286
281 -88.756250 -169.867385 -243.689286
282 -50.915750 -169.867385 -243.689286
283 -13.075250 -169.867385 -243.689286
284 24.765250 -169.867385 -243.689286
285 62.605750 -169.867385 -243.689286
286 100.446250 -169.867385 -243.689286
287 138.286750 -169.867385 -243.689286
288 -126.596750 -121.333846 -243.689286
289 -88.756250 -121.333846 -243.689286
290 -50.915750 -121.333846 -243.689286
291 -13.075250 -121.333846 -243.689286
292 24.765250 -121.333846 -243.689286
293 62.605750 -121.333846 -243.689286
294 100.446250 -121.333846 -243.689286
295 138.286750 -121.333846 -243.689286
296 -126.596750 -72.800308 -243.689286
297 -88.756250 -72.800308 -243.689286
298 -50.915750 -72.800308 -243.689286
299 -13.075250 -72.800308 -243.689286
300 24.765250 -72.800308 -243.689286
301 62.605750 -72.800308 -243.689286
302 100.446250 -72.800308 -243.689286
303 138.286750 -72.800308 -243.689286
304 -126.596750 -24.266769 -243.689286
305 -88.756250 -24.266769 -243.689286
306 -50.915750 -24.266769 -243.689286
307 -13.075250 -24.266769 -243.689286
308 24.765250 -24.266769 -243.689286
309 62.605750 -24.266769 -243.689286
310 100.446250 -24.266769 -243.689286
311 138.286750 -24.266769 -243.689286
312 -126.596750 24.266769 -243.689286
313 -88.756250 24.266769 -243.689286
314 -50.915750 24.266769 -243.689286
315 -13.075250 24.266769 -243.689286
316 24.765250 24.266769 -243.689286
317 62.605750 24.266769 -243.689286
318 100.446250 24.266769 -243.689286
319 138.286750 24.266769 -243.689286
320 -126.596750 72.800308 -243.689286
321 -88.756250 72.800308 -243.689286
322 -50.915750 72.800308 -243.689286
323 -13.075250 72.800308 -243.689286
324 24.765250 72.800308 -243.689286
325 62.605750 72.800308 -243.689286
326 100.446250 72.800308 -243.689286
327 138.286750 72.800308 -243.689286
328 -126.596750 121.333846 -243.689286
329 -88.756250 121.333846 -243.689286
330 -50.915750 121.333846 -243.689286
331 -13.075250 121.333846 -243.689286
332 24.765250 121.333846 -243.689286
333 62.605750 121.333846 -243.689286
334 100.446250 121.333846 -243.689286
335 138.286750 121.333846 -243.689286
336 -126.596750 169.867385 -243.689286
337 -88.756250 169.867385 -243.689286
338 -50.915750 169.867385 -243.689286
339 -13.075250 169.867385 -243.689286
340 24.765250 169.867385 -243.689286
341 62.605750 169.867385 -243.689286
342 100.446250 169.867385 -243.689286
343 138.286750 169.867385 -243.689286
344 -126.596750 218.400923 -243.689286
345 -88.756250 218.400923 -243.689286
346 -50.915750 218.400923 -243.689286
347 -13.075250 218.400923 -243.689286
348 24.765250 218.400923 -243.689286
349 62.605750 218.400923 -243.689286
350 100.446250 218.400923 -243.689286
351 138.286750 218.400923 -243.689286
352 -126.596750 266.934462 -243.689286
353 -88.756250 266.934462 -243.689286
354 -50.915750 266.934462 -243.689286
355 -13.075250 266.934462 -243.689286
356 24.765250 266.934462 -243.689286
357 62.605750 266.934462 -243.689286
358 100.446250 266.934462 -243.689286
359 138.286750 266.934462 -243.689286
360 -126.596750 315.468000 -243.689286
361 -88.756250 315.468000 -243.689286
362 -50.915750 315.468000 -243.689286
363 -13.075250 315.468000 -243.689286
364 24.765250 315.468000 -243.689286
365 62.605750 315.468000 -243.689286
366 100.446250 315.468000 -243.689286
367 138.286750 315.468000 -243.689286
368 -126.596750 364.001538 -243.689286
369 -88.756250 364.001538 -243.689286
370 -50.915750 364.001538 -243.689286
371 -13.075250 364.001538 -243.689286
372 24.765250 364.001538 -243.689286
373 62.605750 364.001538 -243.689286
374 100.446250 364.001538 -243.689286
375 138.286750 364.001538 -243.689286
376 -126.596750 412.535077 -243.689286
377 -88.756250 412.535077 -243.689286
378 -50.915750 412.535077 -243.689286
379 -13.075250 412.535077 -243.689286
380 24.765250 412.535077 -243.689286
381 62.605750 412.535077 -243.689286
382 100.446250 412.535077 -243.689286
383 138.286750 412.535077 -243.689286
384 -126.596750 461.068615 -243.689286
385 -88.756250 461.068615 -243.689286
386 -50.915750 461.068615 -243.689286
387 -13.075250 461.068615 -243.689286
388 24.765250 461.068615 -243.689286
389 62.605750 461.068615 -243.689286
390 100.446250 461.068615 -243.689286
391 138.286750 461.068615 -243.689286
392 -126.596750 509.602154 -243.689286
393 -88.756250 509.602154 -243.689286
394 -50.915750 509.602154 -243.689286
395 -13.075250 509.602154 -243.689286
396 24.765250 509.602154 -243.689286
397 62.605750 509.602154 -243.689286
398 100.446250 509.602154 -243.689286
399 138.286750 509.602154 -243.689286
400 -126.596750 558.135692 -243.689286
401 -88.756250 558.135692 -243.689286
402 -50.915750 558.135692 -243.689286
403 -13.075250 558.135692 -243.689286
404 24.765250 558.135692 -243.689286
405 62.605750 558.135692 -243.689286
406 100.446250 558.135692 -243.689286
407 138.286750 558.135692 -243.689286
408 -126.596750 606.669231 -243.689286
409 -88.756250 606.669231 -243.689286
410 -50.915750 606.669231 -243.689286
411 -13.075250 606.669231 -243.689286
412 24.765250 606.669231 -243.689286
413 62.605750 606.669231 -243.689286
414 100.446250 606.669231 -243.689286
415 138.286750 606.669231 -243.689286
416 -126.596750 -606.669231 -199.382143
417 -88.756250 -606.669231 -199.382143
418 -50.915750 -606.669231 -199.382143
419 -13.075250 -606.669231 -199.382143
420 24.765250 -606.669231 -199.382143
421 62.605750 -606.669231 -199.382143
422 100.446250 -606.669231 -199.382143
423 138.286750 -606.669231 -199.382143
424 -126.596750 -558.135692 -199.382143
425 -88.756250 -558.135692 -199.382143
426 -50.915750 -558.135692 -199.382143
427 -13.075250 -558.135692 -199.382143
428 24.765250 -558.135692 -199.382143
429 62.605750 -558.135692 -199.382143
430 100.446250 -558.135692 -199.382143
431 138.286750 -558.135692 -199.382143
432 -126.596750 -509.602154 -199.382143
433 -88.756250 -509.602154 -199.382143
434 -50.915750 -509.602154 -199.382143
435 -13.075250 -509.602154 -199.382143
436 24.765250 -509.602154 -199.382143
437 62.605750 -509.602154 -199.382143
438 100.446250 -509.602154 -199.382143
439 138.286750 -509.602154 -199.382143
440 -126.596750 -461.068615 -199.382143
441 -88.756250 -461.068615 -199.382143
442 -50.915750 -461.068615 -199.382143
443 -13.075250 -461.068615 -199.382143
444 24.765250 -461.068615 -199.382143
445 62.605750 -461.068615 -199.382143
446 100.446250 -461.068615 -199.382143
447 138.286750 -461.068615 -199.382143
448 -126.596750 -412.535077 -199.382143
449 -88.756250 -412.535077 -199.382143
450 -50.915750 -412.535077 -199.382143
451 -13.075250 -412.535077 -199.382143
452 24.765250 -412.535077 -199.382143
453 62.605750 -412.535077 -199.382143
454 100.446250 -412.535077 -199.382143
455 138.286750 -412.535077 -199.382143
456 -126.596750 -364.001538 -199.382143
457 -88.756250 -364.001538 -199.382143
458 -50.915750 -364.001538 -199.382143
459 -13.075250 -364.001538 -199.382143
460 24.765250 -364.001538 -199.382143
461 62.605750 -364.001538 -199.382143
462 100.446250 -364.001538 -199.382143
463 138.286750 -364.001538 -199.382143
464 -126.596750 -315.468000 -199.382143
465 -88.756250 -315.468000 -199.382143
466 -50.915750 -315.468000 -199.382143
467 -13.075250 -315.468000 -199.382143
468 24.765250 -315.468000 -199.382143
469 62.605750 -315.468000 -199.382143
470 100.446250 -315.468000 -199.382143
471 138.286750 -315.468000 -199.382143
472 -126.596750 -266.934462 -199.382143
473 -88.756250 -266.934462 -199.382143
474 -50.915750 -266.934462 -199.382143
475 -13.075250 -266.934462 -199.382143
476 24.765250 -266.934462 -199.382143
477 62.605750 -266.934462 -199.382143
478 100.446250 -266.934462 -199.382143
479 138.286750 -266.934462 -199.382143
480 -126.596750 -218.400923 -199.382143
481 -88.756250 -218.400923 -199.382143
482 -50.915750 -218.400923 -199.382143
483 -13.075250 -218.400923 -199.382143
484 24.765250 -218.400923 -199.382143
485 62.605750 -218.400923 -199.382143
486 100.446250 -218.400923 -199.382143
487 138.286750 -218.400923 -199.382143
488 -126.596750 -169.867385 -199.382143
489 -88.756250 -169.867385 -199.382143
490 -50.915750 -169.867385 -199.382143
491 -13.075250 -169.867385 -199.382143
492 24.765250 -169.867385 -199.382143
493 62.605750 -169.867385 -199.382143
494 100.446250 -169.867385 -199.382143
495 138.286750 -169.867385 -199.382143
496 -126.596750 -121.333846 -199.382143
497 -88.756250 -121.333846 -199.382143
498 -50.915750 -121.333846 -199.382143
499 -13.075250 -121.333846 -199.382143
500 24.765250 -121.333846 -199.382143
501 62.605750 -121.333846 -199.382143
502 100.446250 -121.333846 -199.382143
503 138.286750 -121.333846 -199.382143
504 -126.596750 -72.800308 -199.382143
505 -88.756250 -72.800308 -199.382143
506 -50.915750 -72.800308 -199.382143
507 -13.075250 -72.800308 -199.382143
508 24.765250 -72.800308 -199.382143
509 62.605750 -72.800308 -199.382143
510 100.446250 -72.800308 -199.382143
511 138.286750 -72.800308 -199.382143
512 -126.596750 -24.266769 -199.382143
513 -88.756250 -24.266769 -199.382143
514 -50.915750 -24.266769 -199.382143
515 -13.075250 -24.266769 -199.382143
516 24.765250 -24.266769 -199.382143
517 62.605750 -24.266769 -199.382143
518 100.446250 -24.266769 -199.382143
519 138.286750 -24.266769 -199.382143
520 -126.596750 24.266769 -199.382143
521 -88.756250 24.266769 -199.382143
522 -50.915750 24.266769 -199.382143
523 -13.075250 24.266769 -199.382143
524 24.765250 24.266769 -199.382143
525 62.605750 24.266769 -199.382143
526 100.446250 24.266769 -199.382143
527 138.286750 24.266769 -199.382143
528 -126.596750 72.800308 -199.382143
529 -88.756250 72.800308 -199.382143
530 -50.915750 72.800308 -199.382143
531 -13.075250 72.800308 -199.382143
532 24.765250 72.800308 -199.382143
533 62.605750 72.800308 -199.382143
534 100.446250 72.800308 -199.382143
535 138.286750 72.800308 -199.382143
536 -126.596750 121.333846 -199.382143
537 -88.756250 121.333846 -199.382143
538 -50.915750 121.333846 -199.382143
539 -13.075250 121.333846 -199.382143
540 24.765250 121.333846 -199.382143
541 62.605750 121.333846 -199.382143
542 100.446250 121.333846 -199.382143
543 138.286750 121.333846 -199.382143
544 -126.596750 169.867385 -199.382143
545 -88.756250 169.867385 -199.382143
546 -50.915750 169.867385 -199.382143
547 -13.075250 169.867385 -199.382143
548 24.765250 169.867385 -199.382143
549 62.605750 169.867385 -199.382143
550 100.446250 169.867385 -199.382143
551 138.286750 169.867385 -199.382143
552 -126.596750 218.400923 -199.382143
553 -88.756250 218.400923 -199.382143
554 -50.915750 218.400923 -199.382143
555 -13.075250 218.400923 -199.382143
556 24.765250 218.400923 -199.382143
557 62.605750 218.400923 -199.382143
558 100.446250 218.400923 -199.382143
559 138.286750 218.400923 -199.382143
560 -126.596750 266.934462 -199.382143
561 -88.756250 266.934462 -199.382143
562 -50.915750 266.934462 -199.382143
563 -13.075250 266.934462 -199.382143
564 24.765250 266.934462 -199.382143
565 62.605750 266.934462 -199.382143
566 100.446250 266.934462 -199.382143
567 138.286750 266.934462 -199.382143
568 -126.596750 315.468000 -199.382143
569 -88.756250 315.468000 -199.382143
570 -50.915750 315.468000 -199.382143
571 -13.075250 315.468000 -199.382143
572 24.765250 315.468000 -199.382143
573 62.605750 315.468000 -199.382143
574 100.446250 315.468000 -199.382143
575 138.286750 315.468000 -199.382143
576 -126.596750 364.001538 -199.382143
577 -88.756250 364.001538 -199.382143
578 -50.915750 364.001538 -199.382143
579 -13.075250 364.001538 -199.382143
580 24.765250 364.001538 -199.382143
581 62.605750 364.001538 -199.382143
582 100.446250 364.001538 -199.382143
583 138.286750 364.001538 -199.382143
584 -126.596750 412.535077 -199.382143
585 -88.756250 412.535077 -199.382143
586 -50.915750 412.535077 -199.382143
587 -13.075250 412.535077 -199.382143
588 24.765250 412.535077 -199.382143
589 62.605750 412.535077 -199.382143
590 100.446250 412.535077 -199.382143
591 138.286750 412.535077 -199.382143
592 -126.596750 461.068615 -199.382143
593 -88.756250 461.068615 -199.382143
594 -50.915750 461.068615 -199.382143
595 -13.075250 461.068615 -199.382143
596 24.765250 461.068615 -199.382143
597 62.605750 461.068615 -199.382143
598 100.446250 461.068615 -199.382143
599 138.286750 461.068615 -199.382143
600 -126.596750 509.602154 -199.382143
601 -88.756250 509.602154 -199.382143
602 -50.915750 509.602154 -199.382143
603 -13.075250 509.602154 -199.382143
604 24.765250 509.602154 -199.382143
605 62.605750 509.602154 -199.382143
606 100.446250 509.602154 -199.382143
607 138.286750 509.602154 -199.382143
608 -126.596750 558.135692 -199.382143
609 -88.756250 558.135692 -199.382143
610 -50.915750 558.135692 -199.382143
611 -13.075250 558.135692 -199.382143
612 24.765250 558.135692 -199.382143
613 62.605750 558.135692 -199.382143
614 100.446250 558.135692 -199.382143
615 138.286750 558.135692 -199.382143
616 -126.596750 606.669231 -199.382143
617 -88.756250 606.669231 -199.382143
618 -50.915750 606.669231 -199.382143
619 -13.075250 606.669231 -199.382143
620 24.765250 606.669231 -199.382143
621 62.605750 606.669231 -199.382143
622 100.446250 606.669231 -199.382143
623 138.286750 606.669231 -199.382143
624 -126.596750 -606.669231 -155.075000
625 -88.756250 -606.669231 -155.075000
626 -50.915750 -606.669231 -155.075000
627 -13.075250 -606.669231 -155.075000
628 24.765250 -606.669231 -155.075000
629 62.605750 -606.669231 -155.075000
630 100.446250 -606.669231 -155.075000
631 138.286750 -606.669231 -155.075000
632 -126.596750 -558.135692 -155.075000
633 -88.756250 -558.135692 -155.075000
634 -50.915750 -558.135692 -155.075000
635 -13.075250 -558.135692 -155.075000
636 24.765250 -558.135692 -155.075000
637 62.605750 -558.135692 -155.075000
638 100.446250 -558.135692 -155.075000
639 138.286750 -558.135692 -155.075000
640 -126.596750 -509.602154 -155.075000
641 -88.756250 -509.602154 -155.075000
642 -50.915750 -509.602154 -155.075000
643 -13.075250 -509.602154 -155.075000
644 24.765250 -509.602154 -155.075000
645 62.605750 -509.602154 -155.075000
646 100.446250 -509.602154 -155.075000
647 138.286750 -509.602154 -155.075000
648 -126.596750 -461.068615 -155.075000
649 -88.756250 -461.068615 -155.075000
650 -50.915750 -461.068615 -155.075000
651 -13.075250 -461.068615 -155.075000
652 24.765250 -461.068615 -155.075000
653 62.605750 -461.068615 -155.075000
654 100.446250 -461.068615 -155.075000
655 138.286750 -461.068615 -155.075000
656 -126.596750 -412.535077 -155.075000
657 -88.756250 -412.535077 -155.075000
658 -50.915750 -412.535077 -155.075000
659 -13.075250 -412.535077 -155.075000
660 24.765250 -412.535077 -155.075000
661 62.605750 -412.535077 -155.075000
662 100.446250 -412.535077 -155.075000
663 138.286750 -412.535077 -155.075000
664 -126.596750 -364.001538 -155.075000
665 -88.756250 -364.001538 -155.075000
666 -50.915750 -364.001538 -155.075000
667 -13.075250 -364.001538 -155.075000
668 24.765250 -364.001538 -155.075000
669 62.605750 -364.001538 -155.075000
670 100.446250 -364.001538 -155.075000
671 138.286750 -364.001538 -155.075000
672 -126.596750 -315.468000 -155.075000
673 -88.756250 -315.468000 -155.075000
674 -50.915750 -315.468000 -155.075000
675 -13.075250 -315.468000 -155.075000
676 24.765250 -315.468000 -155.075000
677 62.605750 -315.468000 -155.075000
678 100.446250 -315.468000 -155.075000
679 138.286750 -315.468000 -155.075000
680 -126.596750 -266.934462 -155.075000
681 -88.756250 -266.934462 -155.075000
682 -50.915750 -266.934462 -155.075000
683 -13.075250 -266.934462 -155.075000
684 24.765250 -266.934462 -155.075000
685 62.605750 -266.934462 -155.075000
686 100.446250 -266.934462 -155.075000
687 138.286750 -266.934462 -155.075000
688 -126.596750 -218.400923 -155.075000
689 -88.756250 -218.400923 -155.075000
690 -50.915750 -218.400923 -155.075000
691 -13.075250 -218.400923 -155.075000
692 24.765250 -218.400923 -155.075000
693 62.605750 -218.400923 -155.075000
694 100.446250 -218.400923 -155.075000
695 138.286750 -218.400923 -155.075000
696 -126.596750 -169.867385 -155.075000
697 -88.756250 -169.867385 -155.075000
698 -50.915750 -169.867385 -155.075000
699 -13.075250 -169.867385 -155.075000
700 24.765250 -169.867385 -155.075000
701 62.605750 -169.867385 -155.075000
702 100.446250 -169.867385 -155.075000
703 138.286750 -169.867385 -155.075000
704 -126.596750 -121.333846 -155.075000
705 -88.756250 -121.333846 -155.075000
706 -50.915750 -121.333846 -155.075000
707 -13.075250 -121.333846 -155.075000
708 24.765250 -121.333846 -155.075000
709 62.605750 -121.333846 -155.075000
710 100.446250 -121.333846 -155.075000
711 138.286750 -121.333846 -155.075000
712 -126.596750 -72.800308 -155.075000
713 -88.756250 -72.800308 -155.075000
714 -50.915750 -72.800308 -155.075000
715 -13.075250 -72.800308 -155.075000
716 24.765250 -72.800308 -155.075000
717 62.605750 -72.800308 -155.075000
718 100.446250 -72.800308 -155.075000
719 138.286750 -72.800308 -155.075000
720 -126.596750 -24.266769 -155.075000
721 -88.756250 -24.266769 -155.075000
722 -50.915750 -24.266769 -155.075000
723 -13.075250 -24.266769 -155.075000
724 24.765250 -24.266769 -155.075000
725 62.605750 -24.266769 -155.075000
726 100.446250 -24.266769 -155.075000
727 138.286750 -24.266769 -155.075000
728 -126.596750 24.266769 -155.075000
729 -88.756250 24.266769 -155.075000
730 -50.915750 24.266769 -155.075000
731 -13.075250 24.266769 -155.075000
732 24.765250 24.266769 -155.075000
733 62.605750 24.266769 -155.075000
734 100.446250 24.266769 -155.075000
735 138.286750 24.266769 -155.075000
736 -126.596750 72.800308 -155.075000
737 -88.756250 72.800308 -155.075000
738 -50.915750 72.800308 -155.075000
739 -13.075250 72.800308 -155.075000
740 24.765250 72.800308 -155.075000
741 62.605750 72.800308 -155.075000
742 100.446250 72.800308 -155.075000
743 138.286750 72.800308 -155.075000
744 -126.596750 121.333846 -155.075000
745 -88.756250 121.333846 -155.075000
746 -50.915750 121.333846 -155.075000
747 -13.075250 121.333846 -155.075000
748 24.765250 121.333846 -155.075000
749 62.605750 121.333846 -155.075000
750 100.446250 121.333846 -155.075000
751 138.286750 121.333846 -155.075000
752 -126.596750 169.867385 -155.075000
753 -88.756250 169.867385 -155.075000
754 -50.915750 169.867385 -155.075000
755 -13.075250 169.867385 -155.075000
756 24.765250 169.867385 -155.075000
757 62.605750 169.867385 -155.075000
758 100.446250 169.867385 -155.075000
759 138.286750 169.867385 -155.075000
760 -126.596750 218.400923 -155.075000
761 -88.756250 218.400923 -155.075000
762 -50.915750 218.400923 -155.075000
763 -13.075250 218.400923 -155.075000
764 24.765250 218.400923 -155.075000
765 62.605750 218.400923 -155.075000
766 100.446250 218.400923 -155.075000
767 138.286750 218.400923 -155.075000
768 -126.596750 266.934462 -155.075000
769 -88.756250 266.934462 -155.075000
770 -50.915750 266.934462 -155.075000
771 -13.075250 266.934462 -155.075000
772 24.765250 266.934462 -155.075000
773 62.605750 266.934462 -155.075000
774 100.446250 266.934462 -155.075000
775 138.286750 266.934462 -155.075000
776 -126.596750 315.468000 -155.075000
777 -88.756250 315.468000 -155.075000
778 -50.915750 315.468000 -155.075000
779 -13.075250 315.468000 -155.075000
780 24.765250 315.468000 -155.075000
781 62.605750 315.468000 -155.075000
782 100.446250 315.468000 -155.075000
783 138.286750 315.468000 -155.075000
784 -126.596750 364.001538 -155.075000
785 -88.756250 364.001538 -155.075000
786 -50.915750 364.001538 -155.075000
787 -13.075250 364.001538 -155.075000
788 24.765250 364.001538 -155.075000
789 62.605750 364.001538 -155.075000
790 100.446250 364.001538 -155.075000
791 138.286750 364.001538 -155.075000
792 -126.596750 412.535077 -155.075000
793 -88.756250 412.535077 -155.075000
794 -50.915750 412.535077 -155.075000
795 -13.075250 412.535077 -155.075000
796 24.765250 412.535077 -155.075000
797 62.605750 412.535077 -155.075000
798 100.446250 412.535077 -155.075000
799 138.286750 412.535077 -155.075000
800 -126.596750 461.068615 -155.075000
801 -88.756250 461.068615 -155.075000
802 -50.915750 461.068615 -155.075000
803 -13.075250 461.068615 -155.075000
804 24.765250 461.068615 -155.075000
805 62.605750 461.068615 -155.075000
806 100.446250 461.068615 -155.075000
807 138.286750 461.068615 -155.075000
808 -126.596750 509.602154 -155.075000
809 -88.756250 509.602154 -155.075000
810 -50.915750 509.602154 -155.075000
811 -13.075250 509.602154 -155.075000
812 24.765250 509.602154 -155.075000
813 62.605750 509.602154 -155.075000
814 100.446250 509.602154 -155.075000
815 138.286750 509.602154 -155.075000
816 -126.596750 558.135692 -155.075000
817 -88.756250 558.135692 -155.075000
818 -50.915750 558.135692 -155.075000
819 -13.075250 558.135692 -155.075000
820 24.765250 558.135692 -155.075000
821 62.605750 558.135692 -155.075000
822 100.446250 558.135692 -155.075000
823 138.286750 558.135692 -155.075000
824 -126.596750 606.669231 -155.075000
825 -88.756250 606.669231 -155.075000
826 -50.915750 606.669231 -155.075000
827 -13.075250 606.669231 -155.075000
828 24.765250 606.669231 -155.075000
829 62.605750 606.669231 -155.075000
830 100.446250 606.669231 -155.075000
831 138.286750 606.669231 -155.075000
832 -126.596750 -606.669231 -110.767857
833 -88.756250 -606.669231 -110.767857
834 -50.915750 -606.669231 -110.767857
835 -13.075250 -606.669231 -110.767857
836 24.765250 -606.669231 -110.767857
837 62.605750 -606.669231 -110.767857
838 100.446250 -606.669231 -110.767857
839 138.286750 -606.669231 -110.767857
840 -126.596750 -558.135692 -110.767857
841 -88.756250 -558.135692 -110.767857
842 -50.915750 -558.135692 -110.767857
843 -13.075250 -558.135692 -110.767857
844 24.765250 -558.135692 -110.767857
845 62.605750 -558.135692 -110.767857
846 100.446250 -558.135692 -110.767857
847 138.286750 -558.135692 -110.767857
848 -126.596750 -509.602154 -110.767857
849 -88.756250 -509.602154 -110.767857
850 -50.915750 -509.602154 -110.767857
851 -13.075250 -509.602154 -110.767857
852 24.765250 -509.602154 -110.767857
853 62.605750 -509.602154 -110.767857
854 100.446250 -509.602154 -110.767857
855 138.286750 -509.602154 -110.767857
856 -126.596750 -461.068615 -110.767857
857 -88.756250 -461.068615 -110.767857
858 -50.915750 -461.068615 -110.767857
859 -13.075250 -461.068615 -110.767857
860 24.765250 -461.068615 -110.767857
861 62.605750 -461.068615 -110.767857
862 100.446250 -461.068615 -110.767857
863 138.286750 -461.068615 -110.767857
864 -126.596750 -412.535077 -110.767857
865 -88.756250 -412.535077 -110.767857
866 -50.915750 -412.535077 -110.767857
867 -13.075250 -412.535077 -110.767857
868 24.765250 -412.535077 -110.767857
869 62.605750 -412.535077 -110.767857
870 100.446250 -412.535077 -110.767857
871 138.286750 -412.535077 -110.767857
872 -126.596750 -364.001538 -110.767857
873 -88.756250 -364.001538 -110.767857
874 -50.915750 -364.001538 -110.767857
875 -13.075250 -364.001538 -110.767857
876 24.765250 -364.001538 -110.767857
877 62.605750 -364.001538 -110.767857
878 100.446250 -364.001538 -110.767857
879 138.286750 -364.001538 -110.767857
880 -126.596750 -315.468000 -110.767857
881 -88.756250 -315.468000 -110.767857
882 -50.915750 -315.468000 -110.767857
883 -13.075250 -315.468000 -110.767857
884 24.765250 -315.468000 -110.767857
885 62.605750 -315.468000 -110.767857
886 100.446250 -315.468000 -110.767857
887 138.286750 -315.468000 -110.767857
888 -126.596750 -266.934462 -110.767857
889 -88.756250 -266.934462 -110.767857
890 -50.915750 -266.934462 -110.767857
891 -13.075250 -266.934462 -110.767857
892 24.765250 -266.934462 -110.767857
893 62.605750 -266.934462 -110.767857
894 100.446250 -266.934462 -110.767857
895 138.286750 -266.934462 -110.767857
896 -126.596750 -218.400923 -110.767857
897 -88.756250 -218.400923 -110.767857
898 -50.915750 -218.400923 -110.767857
899 -13.075250 -218.400923 -110.767857
900 24.765250 -218.400923 -110.767857
901 62.605750 -218.400923 -110.767857
902 100.446250 -218.400923 -110.767857
903 138.286750 -218.400923 -110.767857
904 -126.596750 -169.867385 -110.767857
905 -88.756250 -169.867385 -110.767857
906 -50.915750 -169.867385 -110.767857
907 -13.075250 -169.867385 -110.767857
908 24.765250 -169.867385 -110.767857
909 62.605750 -169.867385 -110.767857
910 100.446250 -169.867385 -110.767857
911 138.286750 -169.867385 -110.767857
912 -126.596750 -121.333846 -110.767857
913 -88.756250 -121.333846 -110.767857
914 -50.915750 -121.333846 -110.767857
915 -13.075250 -121.333846 -110.767857
916 24.765250 -121.333846 -110.767857
917 62.605750 -121.333846 -110.767857
918 100.446250 -121.333846 -110.767857
919 138.286750 -121.333846 -110.767857
920 -126.596750 -72.800308 -110.767857
921 -88.756250 -72.800308 -110.767857
922 -50.915750 -72.800308 -110.767857
923 -13.075250 -72.800308 -110.767857
924 24.765250 -72.800308 -110.767857
925 62.605750 -72.800308 -110.767857
926 100.446250 -72.800308 -110.767857
927 138.286750 -72.800308 -110.767857
928 -126.596750 -24.266769 -110.767857
929 -88.756250 -24.266769 -110.767857
930 -50.915750 -24.266769 -110.767857
931 -13.075250 -24.266769 -110.767857
932 24.765250 -24.266769 -110.767857
933 62.605750 -24.266769 -110.767857
934 100.446250 -24.266769 -110.767857
935 138.286750 -24.266769 -110.767857
936 -126.596750 24.266769 -110.767857
937 -88.756250 24.266769 -110.767857
938 -50.915750 24.266769 -110.767857
939 -13.075250 24.266769 -110.767857
940 24.765250 24.266769 -110.767857
941 62.605750 24.266769 -110.767857
942 100.446250 24.266769 -110.767857
943 138.286750 24.266769 -110.767857
944 -126.596750 72.800308 -110.767857
945 -88.756250 72.800308 -110.767857
946 -50.915750 72.800308 -110.767857
947 -13.075250 72.800308 -110.767857
948 24.765250 72.800308 -110.767857
949 62.605750 72.800308 -110.767857
950 100.446250 72.800308 -110.767857
951 138.286750 72.800308 -110.767857
952 -126.596750 121.333846 -110.767857
953 -88.756250 121.333846 -110.767857
954 -50.915750 121.333846 -110.767857
955 -13.075250 121.333846 -110.767857
956 24.765250 121.333846 -110.767857
957 62.605750 121.333846 -110.767857
958 100.446250 121.333846 -110.767857
959 138.286750 121.333846 -110.767857
960 -126.596750 169.867385 -110.767857
961 -88.756250 169.867385 -110.767857
962 -50.915750 169.867385 -110.767857
963 -13.075250 169.867385 -110.767857
964 24.765250 169.867385 -110.767857
965 62.605750 169.867385 -110.767857
966 100.446250 169.867385 -110.767857
967 138.286750 169.867385 -110.767857
968 -126.596750 218.400923 -110.767857
969 -88.756250 218.400923 -110.767857
970 -50.915750 218.400923 -110.767857
971 -13.075250 218.400923 -110.767857
972 24.765250 218.400923 -110.767857
973 62.605750 218.400923 -110.767857
974 100.446250 218.400923 -110.767857
975 138.286750 218.400923 -110.767857
976 -126.596750 266.934462 -110.767857
977 -88.756250 266.934462 -110.767857
978 -50.915750 266.934462 -110.767857
979 -13.075250 266.934462 -110.767857
980 24.765250 266.934462 -110.767857
981 62.605750 266.934462 -110.767857
982 100.446250 266.934462 -110.767857
983 138.286750 266.934462 -110.767857
984 -126.596750 315.468000 -110.767857
985 -88.756250 315.468000 -110.767857
986 -50.915750 315.468000 -110.767857
987 -13.075250 315.468000 -110.767857
988 24.765250 315.468000 -110.767857
989 62.605750 315.468000 -110.767857
990 100.446250 315.468000 -110.767857
991 138.286750 315.468000 -110.767857
992 -126.596750 364.001538 -110.767857
993 -88.756250 364.001538 -110.767857
994 -50.915750 364.001538 -110.767857
995 -13.075250 364.001538 -110.767857
996 24.765250 364.001538 -110.767857
997 62.605750 364.001538 -110.767857
998 100.446250 364.001538 -110.767857
999 138.286750 364.001538 -110.767857
1000 -126.596750 412.535077 -110.767857
1001 -88.756250 412.535077 -110.767857
1002 -50.915750 412.535077 -110.767857
1003 -13.075250 412.535077 -110.767857
1004 24.765250 412.535077 -110.767857
1005 62.605750 412.535077 -110.767857
1006 100.446250 412.535077 -110.767857
1007 138.286750 412.535077 -110.767857
1008 -126.596750 461.068615 -110.767857
1009 -88.756250 461.068615 -110.767857
1010 -50.915750 461.068615 -110.767857
1011 -13.075250 461.068615 -110.767857
1012 24.765250 461.068615 -110.767857
1013 62.605750 461.068615 -110.767857
1014 100.446250 461.068615 -110.767857
1015 138.286750 461.068615 -110.767857
1016 -126.596750 509.602154 -110.767857
1017 -88.756250 509.602154 -110.767857
1018 -50.915750 509.602154 -110.767857
1019 -13.075250 509.602154 -110.767857
1020 24.765250 509.602154 -110.767857
1021 62.605750 509.602154 -110.767857
1022 100.446250 509.602154 -110.767857
1023 138.286750 509.602154 -110.767857
1024 -126.596750 558.135692 -110.767857
1025 -88.756250 558.135692 -110.767857
1026 -50.915750 558.135692 -110.767857
1027 -13.075250 558.135692 -110.767857
1028 24.765250 558.135692 -110.767857
1029 62.605750 558.135692 -110.767857
1030 100.446250 558.135692 -110.767857
1031 138.286750 558.135692 -110.767857
1032 -126.596750 606.669231 -110.767857
1033 -88.756250 606.669231 -110.767857
1034 -50.915750 606.669231 -110.767857
1035 -13.075250 606.669231 -110.767857
1036 24.765250 606.669231 -110.767857
1037 62.605750 606.669231 -110.767857
1038 100.446250 606.669231 -110.767857
1039 138.286750 606.669231 -110.767857
1040 -126.596750 -606.669231 -66.460714
1041 -88.756250 -606.669231 -66.460714
1042 -50.915750 -606.669231 -66.460714
1043 -13.075250 -606.669231 -66.460714
1044 24.765250 -606.669231 -66.460714
1045 62.605750 -606.669231 -66.460714
1046 100.446250 -606.669231 -66.460714
1047 138.286750 -606.669231 -66.460714
1048 -126.596750 -558.135692 -66.460714
1049 -88.756250 -558.135692 -66.460714
1050 -50.915750 -558.135692 -66.460714
1051 -13.075250 -558.135692 -66.460714
1052 24.765250 -558.135692 -66.460714
1053 62.605750 -558.135692 -66.460714
1054 100.446250 -558.135692 -66.460714
1055 138.286750 -558.135692 -66.460714
1056 -126.596750 -509.602154 -66.460714
1057 -88.756250 -509.602154 -66.460714
1058 -50.915750 -509.602154 -66.460714
1059 -13.075250 -509.602154 -66.460714
1060 24.765250 -509.602154 -66.460714
1061 62.605750 -509.602154 -66.460714
1062 100.446250 -509.602154 -66.460714
1063 138.286750 -509.602154 -66.460714
1064 -126.596750 -461.068615 -66.460714
1065 -88.756250 -461.068615 -66.460714
1066 -50.915750 -461.068615 -66.460714
1067 -13.075250 -461.068615 -66.460714
1068 24.765250 -461.068615 -66.460714
1069 62.605750 -461.068615 -66.460714
1070 100.446250 -461.068615 -66.460714
1071 138.286750 -461.068615 -66.460714
1072 -126.596750 -412.535077 -66.460714
1073 -88.756250 -412.535077 -66.460714
1074 -50.915750 -412.535077 -66.460714
1075 -13.075250 -412.535077 -66.460714
1076 24.765250 -412.535077 -66.460714
1077 62.605750 -412.535077 -66.460714
1078 100.446250 -412.535077 -66.460714
1079 138.286750 -412.535077 -66.460714
1080 -126.596750 -364.001538 -66.460714
1081 -88.756250 -364.001538 -66.460714
1082 -50.915750 -364.001538 -66.460714
1083 -13.075250 -364.001538 -66.460714
1084 24.765250 -364.001538 -66.460714
1085 62.605750 -364.001538 -66.460714
1086 100.446250 -364.001538 -66.460714
1087 138.286750 -364.001538 -66.460714
1088 -126.596750 -315.468000 -66.460714
1089 -88.756250 -315.468000 -66.460714
1090 -50.915750 -315.468000 -66.460714
1091 -13.075250 -315.468000 -66.460714
1092 24.765250 -315.468000 -66.460714
1093 62.605750 -315.468000 -66.460714
1094 100.446250 -315.468000 -66.460714
1095 138.286750 -315.468000 -66.460714
1096 -126.596750 -266.934462 -66.460714
1097 -88.756250 -266.934462 -66.460714
1098 -50.915750 -266.934462 -66.460714
1099 -13.075250 -266.934462 -66.460714
1100 24.765250 -266.934462 -66.460714
1101 62.605750 -266.934462 -66.460714
1102 100.446250 -266.934462 -66.460714
1103 138.286750 -266.934462 -66.460714
1104 -126.596750 -218.400923 -66.460714
1105 -88.756250 -218.400923 -66.460714
1106 -50.915750 -218.400923 -66.460714
1107 -13.075250 -218.400923 -66.460714
1108 24.765250 -218.400923 -66.460714
1109 62.605750 -218.400923 -66.460714
1110 100.446250 -218.400923 -66.460714
1111 138.286750 -218.400923 -66.460714
1112 -126.596750 -169.867385 -66.460714
1113 -88.756250 -169.867385 -66.460714
1114 -50.915750 -169.867385 -66.460714
1115 -13.075250 -169.867385 -66.460714
1116 24.765250 -169.867385 -66.460714
1117 62.605750 -169.867385 -66.460714
1118 100.446250 -169.867385 -66.460714
1119 138.286750 -169.867385 -66.460714
1120 -126.596750 -121.333846 -66.460714
1121 -88.756250 -121.333846 -66.460714
1122 -50.915750 -121.333846 -66.460714
1123 -13.075250 -121.333846 -66.460714
1124 24.765250 -121.333846 -66.460714
1125 62.605750 -121.333846 -66.460714
1126 100.446250 -121.333846 -66.460714
1127 138.286750 -121.333846 -66.460714
1128 -126.596750 -72.800308 -66.460714
1129 -88.756250 -72.800308 -66.460714
1130 -50.915750 -72.800308 -66.460714
1131 -13.075250 -72.800308 -66.460714
1132 24.765250 -72.800308 -66.460714
1133 62.605750 -72.800308 -66.460714
1134 100.446250 -72.800308 -66.460714
1135 138.286750 -72.800308 -66.460714
1136 -126.596750 -24.266769 -66.460714
1137 -88.756250 -24.266769 -66.460714
1138 -50.915750 -24.266769 -66.460714
1139 -13.075250 -24.266769 -66.460714
1140 24.765250 -24.266769 -66.460714
1141 62.605750 -24.266769 -66.460714
1142 100.446250 -24.266769 -66.460714
1143 138.286750 -24.266769 -66.460714
1144 -126.596750 24.266769 -66.460714
1145 -88.756250 24.266769 -66.460714
1146 -50.915750 24.266769 -66.460714
1147 -13.075250 24.266769 -66.460714
1148 24.765250 24.266769 -66.460714
1149 62.605750 24.266769 -66.460714
1150 100.446250 24.266769 -66.460714
1151 138.286750 24.266769 -66.460714
1152 -126.596750 72.800308 -66.460714
1153 -88.756250 72.800308 -66.460714
1154 -50.915750 72.800308 -66.460714
1155 -13.075250 72.800308 -66.460714
1156 24.765250 72.800308 -66.460714
1157 62.605750 72.800308 -66.460714
1158 100.446250 72.800308 -66.460714
1159 138.286750 72.800308 -66.460714
1160 -126.596750 121.333846 -66.460714
1161 -88.756250 121.333846 -66.460714
1162 -50.915750 121.333846 -66.460714
1163 -13.075250 121.333846 -66.460714
1164 24.765250 121.333846 -66.460714
1165 62.605750 121.333846 -66.460714
1166 100.446250 121.333846 -66.460714
1167 138.286750 121.333846 -66.460714
1168 -126.596750 169.867385 -66.460714
1169 -88.756250 169.867385 -66.460714
1170 -50.915750 169.867385 -66.460714
1171 -13.075250 169.867385 -66.460714
1172 24.765250 169.867385 -66.460714
1173 62.605750 169.867385 -66.460714
1174 100.446250 169.867385 -66.460714
1175 138.286750 169.867385 -66.460714
1176 -126.596750 218.400923 -66.460714
1177 -88.756250 218.400923 -66.460714
1178 -50.915750 218.400923 -66.460714
1179 -13.075250 218.400923 -66.460714
1180 24.765250 218.400923 -66.460714
1181 62.605750 218.400923 -66.460714
1182 100.446250 218.400923 -66.460714
1183 138.286750 218.400923 -66.460714
1184 -126.596750 266.934462 -66.460714
1185 -88.756250 266.934462 -66.460714
1186 -50.915750 266.934462 -66.460714
1187 -13.075250 266.934462 -66.460714
1188 24.765250 266.934462 -66.460714
1189 62.605750 266.934462 -66.460714
1190 100.446250 266.934462 -66.460714
1191 138.286750 266.934462 -66.460714
1192 -126.596750 315.468000 -66.460714
1193 -88.756250 315.468000 -66.460714
1194 -50.915750 315.468000 -66.460714
1195 -13.075250 315.468000 -66.460714
1196 24.765250 315.468000 -66.460714
1197 62.605750 315.468000 -66.460714
1198 100.446250 315.468000 -66.460714
1199 138.286750 315.468000 -66.460714
1200 -126.596750 364.001538 -66.460714
1201 -88.756250 364.001538 -66.460714
1202 -50.915750 364.001538 -66.460714
1203 -13.075250 364.001538 -66.460714
1204 24.765250 364.001538 -66.460714
1205 62.605750 364.001538 -66.460714
1206 100.446250 364.001538 -66.460714
1207 138.286750 364.001538 -66.460714
1208 -126.596750 412.535077 -66.460714
1209 -88.756250 412.535077 -66.460714
1210 -50.915750 412.535077 -66.460714
1211 -13.075250 412.535077 -66.460714
1212 24.765250 412.535077 -66.460714
1213 62.605750 412.535077 -66.460714
1214 100.446250 412.535077 -66.460714
1215 138.286750 412.535077 -66.460714
1216 -126.596750 461.068615 -66.460714
1217 -88.756250 461.068615 -66.460714
1218 -50.915750 461.068615 -66.460714
1219 -13.075250 461.068615 -66.460714
1220 24.765250 461.068615 -66.460714
1221 62.605750 461.068615 -66.460714
1222 100.446250 461.068615 -66.460714
1223 138.286750 461.068615 -66.460714
1224 -126.596750 509.602154 -66.460714
1225 -88.756250 509.602154 -66.460714
1226 -50.915750 509.602154 -66.460714
1227 -13.075250 509.602154 -66.460714
1228 24.765250 509.602154 -66.460714
1229 62.605750 509.602154 -66.460714
1230 100.446250 509.602154 -66.460714
1231 138.286750 509.602154 -66.460714
1232 -126.596750 558.135692 -66.460714
1233 -88.756250 558.135692 -66.460714
1234 -50.915750 558.135692 -66.460714
1235 -13.075250 558.135692 -66.460714
1236 24.765250 558.135692 -66.460714
1237 62.605750 558.135692 -66.460714
1238 100.446250 558.135692 -66.460714
1239 138.286750 558.135692 -66.460714
1240 -126.596750 606.669231 -66.460714
1241 -88.756250 606.669231 -66.460714
1242 -50.915750 606.669231 -66.460714
1243 -13.075250 606.669231 -66.460714
1244 24.765250 606.669231 -66.460714
1245 62.605750 606.669231 -66.460714
1246 100.446250 606.669231 -66.460714
1247 138.286750 606.669231 -66.460714
1248 -126.596750 -606.669231 -22.153571
1249 -88.756250 -606.669231 -22.153571
1250 -50.915750 -606.669231 -22.153571
1251 -13.075250 -606.669231 -22.153571
1252 24.765250 -606.669231 -22.153571
1253 62.605750 -606.669231 -22.153571
1254 100.446250 -606.669231 -22.153571
1255 138.286750 -606.669231 -22.153571
1256 -126.596750 -558.135692 -22.153571
1257 -88.756250 -558.135692 -22.153571
1258 -50.915750 -558.135692 -22.153571
1259 -13.075250 -558.135692 -22.153571
1260 24.765250 -558.135692 -22.153571
1261 62.605750 -558.135692 -22.153571
1262 100.446250 -558.135692 -22.153571
1263 138.286750 -558.135692 -22.153571
1264 -126.596750 -509.602154 -22.153571
1265 -88.756250 -509.602154 -22.153571
1266 -50.915750 -509.602154 -22.153571
1267 -13.075250 -509.602154 -22.153571
1268 24.765250 -509.602154 -22.153571
1269 62.605750 -509.602154 -22.153571
1270 100.446250 -509.602154 -22.153571
1271 138.286750 -509.602154 -22.153571
1272 -126.596750 -461.068615 -22.153571
1273 -88.756250 -461.068615 -22.153571
1274 -50.915750 -461.068615 -22.153571
1275 -13.075250 -461.068615 -22.153571
1276 24.765250 -461.068615 -22.153571
1277 62.605750 -461.068615 -22.153571
1278 100.446250 -461.068615 -22.153571
1279 138.286750 -461.068615 -22.153571
1280 -126.596750 -412.535077 -22.153571
1281 -88.756250 -412.535077 -22.153571
1282 -50.915750 -412.535077 -22.153571
1283 -13.075250 -412.535077 -22.153571
1284 24.765250 -412.535077 -22.153571
1285 62.605750 -412.535077 -22.153571
1286 100.446250 -412.535077 -22.153571
1287 138.286750 -412.535077 -22.153571
1288 -126.596750 -364.001538 -22.153571
1289 -88.756250 -364.001538 -22.153571
1290 -50.915750 -364.001538 -22.153571
1291 -13.075250 -364.001538 -22.153571
1292 24.765250 -364.001538 -22.153571
1293 62.605750 -364.001538 -22.153571
1294 100.446250 -364.001538 -22.153571
1295 138.286750 -364.001538 -22.153571
1296 -126.596750 -315.468000 -22.153571
1297 -88.756250 -315.468000 -22.153571
1298 -50.915750 -315.468000 -22.153571
1299 -13.075250 -315.468000 -22.153571
1300 24.765250 -315.468000 -22.153571
1301 62.605750 -315.468000 -22.153571
1302 100.446250 -315.468000 -22.153571
1303 138.286750 -315.468000 -22.153571
1304 -126.596750 -266.934462 -22.153571
1305 -88.756250 -266.934462 -22.153571
1306 -50.915750 -266.934462 -22.153571
1307 -13.075250 -266.934462 -22.153571
1308 24.765250 -266.934462 -22.153571
1309 62.605750 -266.934462 -22.153571
1310 100.446250 -266.934462 -22.153571
1311 138.286750 -266.934462 -22.153571
1312 -126.596750 -218.400923 -22.153571
1313 -88.756250 -218.400923 -22.153571
1314 -50.915750 -218.400923 -22.153571
1315 -13.075250 -218.400923 -22.153571
1316 24.765250 -218.400923 -22.153571
1317 62.605750 -218.400923 -22.153571
1318 100.446250 -218.400923 -22.153571
1319 138.286750 -218.400923 -22.153571
1320 -126.596750 -169.867385 -22.153571
1321 -88.756250 -169.867385 -22.153571
1322 -50.915750 -169.867385 -22.153571
1323 -13.075250 -169.867385 -22.153571
1324 24.765250 -169.867385 -22.153571
1325 62.605750 -169.867385 -22.153571
1326 100.446250 -169.867385 -22.153571
1327 138.286750 -169.867385 -22.153571
1328 -126.596750 -121.333846 -22.153571
1329 -88.756250 -121.333846 -22.153571
1330 -50.915750 -121.333846 -22.153571
1331 -13.075250 -121.333846 -22.153571
1332 24.765250 -121.333846 -22.153571
1333 62.605750 -121.333846 -22.153571
1334 100.446250 -121.333846 -22.153571
1335 138.286750 -121.333846 -22.153571
1336 -126.596750 -72.800308 -22.153571
1337 -88.756250 -72.800308 -22.153571
1338 -50.915750 -72.800308 -22.153571
1339 -13.075250 -72.800308 -22.153571
1340 24.765250 -72.800308 -22.153571
1341 62.605750 -72.800308 -22.153571
1342 100.446250 -72.800308 -22.153571
1343 138.286750 -72.800308 -22.153571
1344 -126.596750 -24.266769 -22.153571
1345 -88.756250 -24.266769 -22.153571
1346 -50.915750 -24.266769 -22.153571
1347 -13.075250 -24.266769 -22.153571
1348 24.765250 -24.266769 -22.153571
1349 62.605750 -24.266769 -22.153571
1350 100.446250 -24.266769 -22.153571
1351 138.286750 -24.266769 -22.153571
1352 -126.596750 24.266769 -22.153571
1353 -88.756250 24.266769 -22.153571
1354 -50.915750 24.266769 -22.153571
1355 -13.075250 24.266769 -22.153571
1356 24.765250 24.266769 -22.153571
1357 62.605750 24.266769 -22.153571
1358 100.446250 24.266769 -22.153571
1359 138.286750 24.266769 -22.153571
1360 -126.596750 72.800308 -22.153571
1361 -88.756250 72.800308 -22.153571
1362 -50.915750 72.800308 -22.153571
1363 -13.075250 72.800308 -22.153571
1364 24.765250 72.800308 -22.153571
1365 62.605750 72.800308 -22.153571
1366 100.446250 72.800308 -22.153571
1367 138.286750 72.800308 -22.153571
1368 -126.596750 121.333846 -22.153571
1369 -88.756250 121.333846 -22.153571
1370 -50.915750 121.333846 -22.153571
1371 -13.075250 121.333846 -22.153571
1372 24.765250 121.333846 -22.153571
1373 62.605750 121.333846 -22.153571
1374 100.446250 121.333846 -22.153571
1375 138.286750 121.333846 -22.153571
1376 -126.596750 169.867385 -22.153571
1377 -88.756250 169.867385 -22.153571
1378 -50.915750 169.867385 -22.153571
1379 -13.075250 169.867385 -22.153571
1380 24.765250 169.867385 -22.153571
1381 62.605750 169.867385 -22.153571
1382 100.446250 169.867385 -22.153571
1383 138.286750 169.867385 -22.153571
1384 -126.596750 218.400923 -22.153571
1385 -88.756250 218.400923 -22.153571
1386 -50.915750 218.400923 -22.153571
1387 -13.075250 218.400923 -22.153571
1388 24.765250 218.400923 -22.153571
1389 62.605750 218.400923 -22.153571
1390 100.446250 218.400923 -22.153571
1391 138.286750 218.400923 -22.153571
1392 -126.596750 266.934462 -22.153571
1393 -88.756250 266.934462 -22.153571
1394 -50.915750 266.934462 -22.153571
1395 -13.075250 266.934462 -22.153571
1396 24.765250 266.934462 -22.153571
1397 62.605750 266.934462 -22.153571
1398 100.446250 266.934462 -22.153571
1399 138.286750 266.934462 -22.153571
1400 -126.596750 315.468000 -22.153571
1401 -88.756250 315.468000 -22.153571
1402 -50.915750 315.468000 -22.153571
1403 -13.075250 315.468000 -22.153571
1404 24.765250 315.468000 -22.153571
1405 62.605750 315.468000 -22.153571
1406 100.446250 315.468000 -22.153571
1407 138.286750 315.468000 -22.153571
1408 -126.596750 364.001538 -22.153571
1409 -88.756250 364.001538 -22.153571
1410 -50.915750 364.001538 -22.153571
1411 -13.075250 364.001538 -22.153571
1412 24.765250 364.001538 -22.153571
1413 62.605750 364.001538 -22.153571
1414 100.446250 364.001538 -22.153571
1415 138.286750 364.001538 -22.153571
1416 -126.596750 412.535077 -22.153571
1417 -88.756250 412.535077 -22.153571
1418 -50.915750 412.535077 -22.153571
1419 -13.075250 412.535077 -22.153571
1420 24.765250 412.535077 -22.153571
1421 62.605750 412.535077 -22.153571
1422 100.446250 412.535077 -22.153571
1423 138.286750 412.535077 -22.153571
1424 -126.596750 461.068615 -22.153571
1425 -88.756250 461.068615 -22.153571
1426 -50.915750 461.068615 -22.153571
1427 -13.075250 461.068615 -22.153571
1428 24.765250 461.068615 -22.153571
1429 62.605750 461.068615 -22.153571
1430 100.446250 461.068615 -22.153571
1431 138.286750 461.068615 -22.153571
1432 -126.596750 509.602154 -22.153571
1433 -88.756250 509.602154 -22.153571
1434 -50.915750 509.602154 -22.153571
1435 -13.075250 509.602154 -22.153571
1436 24.765250 509.602154 -22.153571
1437 62.605750 509.602154 -22.153571
1438 100.446250 509.602154 -22.153571
1439 138.286750 509.602154 -22.153571
1440 -126.596750 558.135692 -22.153571
1441 -88.756250 558.135692 -22.153571
1442 -50.915750 558.135692 -22.153571
1443 -13.075250 558.135692 -22.153571
1444 24.765250 558.135692 -22.153571
1445 62.605750 558.135692 -22.153571
1446 100.446250 558.135692 -22.153571
1447 138.286750 558.135692 -22.153571
1448 -126.596750 606.669231 -22.153571
1449 -88.756250 606.669231 -22.153571
1450 -50.915750 606.669231 -22.153571
1451 -13.075250 606.669231 -22.153571
1452 24.765250 606.669231 -22.153571
1453 62.605750 606.669231 -22.153571
1454 100.446250 606.669231 -22.153571
1455 138.286750 606.669231 -22.153571
